0 0.199406 0.196156 0.195025 0.195638 0.194978 0.199171 0.199783 0.199595 0.195779 0.198841 0.199124 0.196957 0.201244 0.194884 0.201149 0.198276 0.197381 0.20016 0.202798 0.198747 0.200961 0.200301 0.201149 0.199925 0.198935 0.201479 0.199736 0.201526 0.198276 0.195873 0.195826 0.195873 0.19804 0.197051 0.19088 0.199218 0.192293 0.197663 0.198888 0.196768 0.200678 0.197098 0.19625 0.201715 0.200066 0.199077 0.204211 0.195544 0.197805 
0.199406 0 0.200537 0.194413 0.1987 0.196721 0.198841 0.205012 0.200207 0.197522 0.200678 0.199925 0.199265 0.202421 0.19446 0.201762 0.197758 0.199312 0.196439 0.19804 0.197663 0.196863 0.198276 0.201668 0.200443 0.198606 0.199736 0.198182 0.201291 0.201149 0.196203 0.199925 0.200066 0.19479 0.200678 0.187818 0.198417 0.192623 0.198935 0.199972 0.1987 0.197051 0.198087 0.20195 0.203835 0.199548 0.194507 0.19983 0.200584 0.196439 
0.196156 0.200537 0 0.200396 0.203175 0.197616 0.196439 0.200537 0.198653 0.197192 0.201102 0.197805 0.197334 0.195685 0.197711 0.198135 0.196203 0.200867 0.193659 0.196768 0.193377 0.199925 0.199548 0.198606 0.199265 0.201197 0.200443 0.199548 0.199548 0.197428 0.197098 0.199972 0.195591 0.199925 0.200631 0.190409 0.197428 0.192293 0.200301 0.198417 0.199783 0.200773 0.204164 0.197663 0.200773 0.20016 0.197004 0.198182 0.196863 0.201479 
0.195025 0.194413 0.200396 0 0.196957 0.196486 0.196533 0.198276 0.199878 0.199077 0.198087 0.19837 0.199783 0.198229 0.196203 0.202563 0.198747 0.195591 0.19837 0.197711 0.202327 0.197287 0.197381 0.199925 0.199359 0.196957 0.193471 0.191163 0.197192 0.193377 0.197852 0.195544 0.198511 0.193989 0.194884 0.192293 0.190927 0.191539 0.197852 0.200207 0.197993 0.198982 0.195591 0.200678 0.198229 0.199501 0.197852 0.201291 0.199312 0.194696 
0.195638 0.1987 0.203175 0.196957 0 0.193235 0.198276 0.197098 0.197004 0.195073 0.199736 0.197852 0.200867 0.197616 0.196816 0.197616 0.198606 0.196957 0.195497 0.196627 0.199171 0.199783 0.200631 0.196486 0.201291 0.198135 0.195214 0.195261 0.199878 0.195497 0.195826 0.198794 0.196109 0.193942 0.198135 0.191775 0.199454 0.192152 0.196957 0.196297 0.196721 0.195355 0.196863 0.197899 0.198464 0.197663 0.189796 0.199454 0.195779 0.196439 
0.194978 0.196721 0.197616 0.196486 0.193235 0 0.194036 0.200396 0.199359 0.193188 0.197758 0.195968 0.200773 0.195449 0.192764 0.202233 0.200773 0.198747 0.19446 0.199925 0.197381 0.194884 0.191021 0.20016 0.197428 0.195968 0.196439 0.195355 0.197428 0.193518 0.196297 0.195968 0.194507 0.191869 0.19804 0.188006 0.195968 0.194696 0.196203 0.191304 0.19804 0.199312 0.197522 0.19658 0.198464 0.202845 0.188949 0.199359 0.198888 0.196344 
0.199171 0.198841 0.196439 0.196533 0.198276 0.194036 0 0.198276 0.198464 0.199077 0.196392 0.197711 0.197145 0.200207 0.197805 0.202751 0.198464 0.197852 0.196015 0.196392 0.201762 0.200867 0.200773 0.199642 0.202657 0.194601 0.198841 0.196344 0.201338 0.197522 0.199642 0.197993 0.194178 0.197663 0.199124 0.193047 0.198747 0.191445 0.199736 0.198417 0.20374 0.203882 0.199925 0.20049 0.199265 0.204965 0.194083 0.201102 0.200254 0.201102 
0.199783 0.205012 0.200537 0.198276 0.197098 0.200396 0.198276 0 0.202374 0.194696 0.193612 0.199736 0.1987 0.199218 0.194272 0.201197 0.198323 0.196674 0.200678 0.19983 0.192199 0.201197 0.199595 0.201197 0.200914 0.19512 0.196439 0.195073 0.201197 0.201526 0.199124 0.199171 0.195355 0.199406 0.198323 0.194507 0.199265 0.193471 0.197145 0.202044 0.199077 0.197616 0.200914 0.202421 0.195261 0.200961 0.196203 0.201621 0.199642 0.200019 
0.199595 0.200207 0.198653 0.199878 0.197004 0.199359 0.198464 0.202374 0 0.195544 0.193989 0.198417 0.197475 0.194978 0.196344 0.197145 0.19691 0.194413 0.195685 0.194649 0.200113 0.195638 0.195261 0.202798 0.198841 0.201526 0.199548 0.201197 0.200254 0.200207 0.196015 0.198417 0.197428 0.197616 0.199171 0.195261 0.194743 0.193377 0.199783 0.199218 0.197946 0.19413 0.200349 0.19658 0.197899 0.197004 0.194696 0.199454 0.196439 0.19446 
0.195779 0.197522 0.197192 0.199077 0.195073 0.193188 0.199077 0.194696 0.195544 0 0.19658 0.197522 0.198182 0.201526 0.196486 0.198135 0.19837 0.199548 0.197899 0.195732 0.199312 0.20049 0.194366 0.200678 0.198888 0.196392 0.197993 0.196533 0.198982 0.197239 0.195497 0.196674 0.196721 0.198135 0.195073 0.19088 0.193471 0.194649 0.198794 0.199359 0.199124 0.19804 0.195873 0.194366 0.198229 0.198182 0.193895 0.199595 0.197145 0.19234 
0.198841 0.200678 0.201102 0.198087 0.199736 0.197758 0.196392 0.193612 0.193989 0.19658 0 0.198229 0.198417 0.201291 0.194554 0.197711 0.197287 0.19479 0.198135 0.1987 0.19625 0.197239 0.19658 0.199878 0.193848 0.198794 0.194931 0.195355 0.201008 0.199265 0.195167 0.197192 0.197522 0.197993 0.192858 0.191869 0.197381 0.193848 0.197428 0.19592 0.198794 0.200914 0.19658 0.194225 0.197051 0.19804 0.191869 0.201903 0.194554 0.198888 
0.199124 0.199925 0.197805 0.19837 0.197852 0.195968 0.197711 0.199736 0.198417 0.197522 0.198229 0 0.1987 0.198464 0.197004 0.195355 0.199171 0.197334 0.19691 0.196344 0.198794 0.198559 0.196768 0.20261 0.200349 0.195685 0.197192 0.195544 0.197616 0.19691 0.195544 0.19625 0.19413 0.195073 0.198135 0.192058 0.198511 0.191304 0.197805 0.197993 0.198135 0.195826 0.199783 0.199878 0.199124 0.199359 0.196392 0.198229 0.195591 0.198417 
0.196957 0.199265 0.197334 0.199783 0.200867 0.200773 0.197145 0.1987 0.197475 0.198182 0.198417 0.1987 0 0.20261 0.199642 0.197899 0.195685 0.197334 0.202468 0.193895 0.197381 0.199124 0.199124 0.201573 0.203081 0.20228 0.19804 0.199972 0.201008 0.20228 0.199501 0.199736 0.202233 0.197899 0.195308 0.197805 0.200584 0.195073 0.199689 0.197993 0.198417 0.199406 0.200914 0.198747 0.196392 0.199265 0.199595 0.202845 0.193895 0.195591 
0.201244 0.202421 0.195685 0.198229 0.197616 0.195449 0.200207 0.199218 0.194978 0.201526 0.201291 0.198464 0.20261 0 0.196674 0.198888 0.198747 0.198794 0.195732 0.199972 0.196015 0.201055 0.200773 0.201621 0.200867 0.199312 0.200631 0.197004 0.200113 0.197239 0.193612 0.199689 0.197475 0.198135 0.197334 0.197098 0.198935 0.198135 0.198888 0.199171 0.198841 0.198229 0.198794 0.200773 0.201149 0.202421 0.196062 0.200254 0.196957 0.197334 
0.194884 0.19446 0.197711 0.196203 0.196816 0.192764 0.197805 0.194272 0.196344 0.196486 0.194554 0.197004 0.199642 0.196674 0 0.201856 0.198606 0.200914 0.197663 0.197852 0.197287 0.201479 0.19592 0.198087 0.197993 0.195779 0.199454 0.19658 0.199689 0.195591 0.194225 0.199548 0.19479 0.19055 0.196344 0.192906 0.200867 0.191963 0.197239 0.19592 0.195685 0.193282 0.190456 0.201385 0.199783 0.198794 0.193848 0.199265 0.198417 0.19512 
0.201149 0.201762 0.198135 0.202563 0.197616 0.202233 0.202751 0.201197 0.197145 0.198135 0.197711 0.195355 0.197899 0.198888 0.201856 0 0.197805 0.200867 0.199501 0.198559 0.198087 0.200584 0.19983 0.200773 0.199171 0.202516 0.199312 0.199077 0.200867 0.199501 0.19804 0.197616 0.198511 0.199548 0.201856 0.197946 0.198087 0.195968 0.201809 0.197852 0.201291 0.197852 0.201055 0.19804 0.194649 0.200537 0.199454 0.203175 0.197711 0.197051 
0.198276 0.197758 0.196203 0.198747 0.198606 0.200773 0.198464 0.198323 0.19691 0.19837 0.197287 0.199171 0.195685 0.198747 0.198606 0.197805 0 0.198653 0.197287 0.195402 0.199171 0.201385 0.198935 0.197428 0.19837 0.197098 0.1987 0.199783 0.198464 0.195308 0.197993 0.200113 0.19903 0.194601 0.199077 0.197805 0.200396 0.196392 0.196674 0.198276 0.201997 0.198087 0.200914 0.198559 0.197051 0.202092 0.197805 0.198135 0.196156 0.19691 
0.197381 0.199312 0.200867 0.195591 0.196957 0.198747 0.197852 0.196674 0.194413 0.199548 0.19479 0.197334 0.197334 0.198794 0.200914 0.200867 0.198653 0 0.19592 0.199124 0.197051 0.197946 0.198229 0.205389 0.198511 0.198935 0.197145 0.199077 0.197475 0.197993 0.198606 0.198464 0.193235 0.198606 0.198276 0.19022 0.197239 0.190692 0.201621 0.197098 0.202233 0.198511 0.201244 0.198606 0.198417 0.19837 0.199925 0.198087 0.195826 0.197616 
0.20016 0.196439 0.193659 0.19837 0.195497 0.19446 0.196015 0.200678 0.195685 0.197899 0.198135 0.19691 0.202468 0.195732 0.197663 0.199501 0.197287 0.19592 0 0.19446 0.196439 0.199406 0.201385 0.199124 0.197428 0.199454 0.202657 0.199972 0.197711 0.197475 0.194413 0.197758 0.194036 0.19837 0.198323 0.193 0.194743 0.192529 0.199972 0.198182 0.201055 0.195073 0.201008 0.20016 0.197239 0.200396 0.196109 0.199642 0.197192 0.199454 
0.202798 0.19804 0.196768 0.197711 0.196627 0.199925 0.196392 0.19983 0.194649 0.195732 0.1987 0.196344 0.193895 0.199972 0.197852 0.198559 0.195402 0.199124 0.19446 0 0.198982 0.202987 0.19837 0.200537 0.197711 0.202563 0.201055 0.197805 0.200537 0.20049 0.197428 0.19804 0.19903 0.19592 0.202092 0.197334 0.199359 0.192717 0.201573 0.199406 0.197192 0.196957 0.199878 0.197428 0.198182 0.19983 0.198276 0.205578 0.197758 0.197381 
0.198747 0.197663 0.193377 0.202327 0.199171 0.197381 0.201762 0.192199 0.200113 0.199312 0.19625 0.198794 0.197381 0.196015 0.197287 0.198087 0.199171 0.197051 0.196439 0.198982 0 0.20082 0.197993 0.200349 0.197145 0.195685 0.197852 0.195449 0.19837 0.19446 0.196863 0.196721 0.193188 0.198276 0.198606 0.193754 0.194554 0.192717 0.195826 0.197805 0.197381 0.196203 0.197805 0.19903 0.199878 0.198794 0.194884 0.200961 0.197758 0.19625 
0.200961 0.196863 0.199925 0.197287 0.199783 0.194884 0.200867 0.201197 0.195638 0.20049 0.197239 0.198559 0.199124 0.201055 0.201479 0.200584 0.201385 0.197946 0.199406 0.202987 0.20082 0 0.198606 0.201997 0.20049 0.198841 0.198841 0.20228 0.20473 0.200537 0.196816 0.199595 0.194554 0.19625 0.199783 0.190974 0.196768 0.194743 0.202468 0.199077 0.204588 0.201809 0.199359 0.198323 0.199265 0.202892 0.200961 0.200631 0.199312 0.196863 
0.200301 0.198276 0.199548 0.197381 0.200631 0.191021 0.200773 0.199595 0.195261 0.194366 0.19658 0.196768 0.199124 0.200773 0.19592 0.19983 0.198935 0.198229 0.201385 0.19837 0.197993 0.198606 0 0.200867 0.203976 0.201479 0.203175 0.196533 0.202092 0.201102 0.199171 0.198182 0.19333 0.197663 0.199972 0.193989 0.196957 0.195779 0.200773 0.199265 0.199406 0.198229 0.198229 0.196627 0.198794 0.201856 0.193895 0.198841 0.197899 0.19658 
0.201149 0.201668 0.198606 0.199925 0.196486 0.20016 0.199642 0.201197 0.202798 0.200678 0.199878 0.20261 0.201573 0.201621 0.198087 0.200773 0.197428 0.205389 0.199124 0.200537 0.200349 0.201997 0.200867 0 0.203505 0.200066 0.203269 0.204541 0.204918 0.204023 0.202186 0.20195 0.204447 0.199171 0.201668 0.194931 0.199312 0.198229 0.198888 0.206143 0.204965 0.202374 0.201055 0.203222 0.203316 0.206567 0.195873 0.202139 0.200443 0.198841 
0.199925 0.200443 0.199265 0.199359 0.201291 0.197428 0.202657 0.200914 0.198841 0.198888 0.193848 0.200349 0.203081 0.200867 0.197993 0.199171 0.19837 0.198511 0.197428 0.197711 0.197145 0.20049 0.203976 0.203505 0 0.197899 0.201197 0.196156 0.201809 0.201197 0.197381 0.19903 0.199548 0.198511 0.203929 0.196062 0.19413 0.194649 0.200396 0.196816 0.203646 0.197192 0.198135 0.195402 0.199925 0.200349 0.197569 0.206944 0.197616 0.199218 
0.198935 0.198606 0.201197 0.196957 0.198135 0.195968 0.194601 0.19512 0.201526 0.196392 0.198794 0.195685 0.20228 0.199312 0.195779 0.202516 0.197098 0.198935 0.199454 0.202563 0.195685 0.198841 0.201479 0.200066 0.197899 0 0.198511 0.196109 0.201762 0.197004 0.197051 0.200019 0.200725 0.197616 0.198794 0.194507 0.197946 0.192058 0.19903 0.20016 0.20228 0.194978 0.197334 0.200537 0.201291 0.202563 0.199124 0.202468 0.199454 0.197946 
0.201479 0.199736 0.200443 0.193471 0.195214 0.196439 0.198841 0.196439 0.199548 0.197993 0.194931 0.197192 0.19804 0.200631 0.199454 0.199312 0.1987 0.197145 0.202657 0.201055 0.197852 0.198841 0.203175 0.203269 0.201197 0.198511 0 0.195732 0.200066 0.200961 0.196957 0.196533 0.20195 0.198276 0.196627 0.193565 0.199548 0.195167 0.199501 0.200443 0.203316 0.196486 0.200254 0.202892 0.198559 0.200961 0.195261 0.203787 0.199548 0.196816 
0.199736 0.198182 0.199548 0.191163 0.195261 0.195355 0.196344 0.195073 0.201197 0.196533 0.195355 0.195544 0.199972 0.197004 0.19658 0.199077 0.199783 0.199077 0.199972 0.197805 0.195449 0.20228 0.196533 0.204541 0.196156 0.196109 0.195732 0 0.198323 0.19903 0.195308 0.197334 0.194272 0.197287 0.200443 0.189373 0.196863 0.189844 0.197287 0.19691 0.198559 0.195685 0.201526 0.196439 0.202092 0.20195 0.191257 0.199972 0.198841 0.194978 
0.201526 0.201291 0.199548 0.197192 0.199878 0.197428 0.201338 0.201197 0.200254 0.198982 0.201008 0.197616 0.201008 0.200113 0.199689 0.200867 0.198464 0.197475 0.197711 0.200537 0.19837 0.20473 0.202092 0.204918 0.201809 0.201762 0.200066 0.198323 0 0.19837 0.195779 0.197334 0.201903 0.1987 0.198841 0.200396 0.202704 0.198229 0.1987 0.201338 0.201291 0.197758 0.199548 0.200961 0.200584 0.201573 0.197192 0.206755 0.20082 0.198841 
0.198276 0.201149 0.197428 0.193377 0.195497 0.193518 0.197522 0.201526 0.200207 0.197239 0.199265 0.19691 0.20228 0.197239 0.195591 0.199501 0.195308 0.197993 0.197475 0.20049 0.19446 0.200537 0.201102 0.204023 0.201197 0.197004 0.200961 0.19903 0.19837 0 0.195261 0.196344 0.197993 0.197805 0.200961 0.194978 0.19691 0.194225 0.199218 0.197145 0.200019 0.198935 0.196863 0.203458 0.201668 0.198135 0.195261 0.201526 0.198888 0.19691 
0.195873 0.196203 0.197098 0.197852 0.195826 0.196297 0.199642 0.199124 0.196015 0.195497 0.195167 0.195544 0.199501 0.193612 0.194225 0.19804 0.197993 0.198606 0.194413 0.197428 0.196863 0.196816 0.199171 0.202186 0.197381 0.197051 0.196957 0.195308 0.195779 0.195261 0 0.197993 0.197192 0.194083 0.194601 0.189467 0.199124 0.192105 0.193989 0.197475 0.198747 0.197946 0.197098 0.195779 0.198229 0.198559 0.197004 0.20195 0.196863 0.194319 
0.195826 0.199925 0.199972 0.195544 0.198794 0.195968 0.197993 0.199171 0.198417 0.196674 0.197192 0.19625 0.199736 0.199689 0.199548 0.197616 0.200113 0.198464 0.197758 0.19804 0.196721 0.199595 0.198182 0.20195 0.19903 0.200019 0.196533 0.197334 0.197334 0.196344 0.197993 0 0.19903 0.198841 0.197381 0.190456 0.196816 0.196015 0.199972 0.196297 0.196721 0.195638 0.201573 0.198276 0.198935 0.198606 0.19837 0.199171 0.201621 0.197192 
0.195873 0.200066 0.195591 0.198511 0.196109 0.194507 0.194178 0.195355 0.197428 0.196721 0.197522 0.19413 0.202233 0.197475 0.19479 0.198511 0.19903 0.193235 0.194036 0.19903 0.193188 0.194554 0.19333 0.204447 0.199548 0.200725 0.20195 0.194272 0.201903 0.197993 0.197192 0.19903 0 0.197192 0.19413 0.187677 0.199124 0.188713 0.196816 0.195497 0.201197 0.1987 0.192576 0.197098 0.197004 0.20195 0.197758 0.19903 0.193942 0.195073 
0.19804 0.19479 0.199925 0.193989 0.193942 0.191869 0.197663 0.199406 0.197616 0.198135 0.197993 0.195073 0.197899 0.198135 0.19055 0.199548 0.194601 0.198606 0.19837 0.19592 0.198276 0.19625 0.197663 0.199171 0.198511 0.197616 0.198276 0.197287 0.1987 0.197805 0.194083 0.198841 0.197192 0 0.197239 0.195025 0.197428 0.189749 0.196156 0.197852 0.201762 0.193235 0.197381 0.196627 0.200867 0.196109 0.188807 0.205154 0.201668 0.196297 
0.197051 0.200678 0.200631 0.194884 0.198135 0.19804 0.199124 0.198323 0.199171 0.195073 0.192858 0.198135 0.195308 0.197334 0.196344 0.201856 0.199077 0.198276 0.198323 0.202092 0.198606 0.199783 0.199972 0.201668 0.203929 0.198794 0.196627 0.200443 0.198841 0.200961 0.194601 0.197381 0.19413 0.197239 0 0.194413 0.200396 0.193754 0.198276 0.197145 0.197758 0.197993 0.200349 0.195826 0.197428 0.197852 0.19658 0.197287 0.196439 0.192576 
0.19088 0.187818 0.190409 0.192293 0.191775 0.188006 0.193047 0.194507 0.195261 0.19088 0.191869 0.192058 0.197805 0.197098 0.192906 0.197946 0.197805 0.19022 0.193 0.197334 0.193754 0.190974 0.193989 0.194931 0.196062 0.194507 0.193565 0.189373 0.200396 0.194978 0.189467 0.190456 0.187677 0.195025 0.194413 0 0.194507 0.124741 0.193989 0.195779 0.196768 0.196062 0.191163 0.196721 0.198417 0.194884 0.190126 0.196015 0.191304 0.18942 
0.199218 0.198417 0.197428 0.190927 0.199454 0.195968 0.198747 0.199265 0.194743 0.193471 0.197381 0.198511 0.200584 0.198935 0.200867 0.198087 0.200396 0.197239 0.194743 0.199359 0.194554 0.196768 0.196957 0.199312 0.19413 0.197946 0.199548 0.196863 0.202704 0.19691 0.199124 0.196816 0.199124 0.197428 0.200396 0.194507 0 0.192246 0.20016 0.201573 0.198135 0.196863 0.196768 0.195167 0.197899 0.199265 0.206378 0.197569 0.198417 0.196156 
0.192293 0.192623 0.192293 0.191539 0.192152 0.194696 0.191445 0.193471 0.193377 0.194649 0.193848 0.191304 0.195073 0.198135 0.191963 0.195968 0.196392 0.190692 0.192529 0.192717 0.192717 0.194743 0.195779 0.198229 0.194649 0.192058 0.195167 0.189844 0.198229 0.194225 0.192105 0.196015 0.188713 0.189749 0.193754 0.124741 0.192246 0 0.193612 0.191916 0.192152 0.193047 0.193801 0.19691 0.196439 0.195544 0.188901 0.197145 0.194507 0.187724 
0.197663 0.198935 0.200301 0.197852 0.196957 0.196203 0.199736 0.197145 0.199783 0.198794 0.197428 0.197805 0.199689 0.198888 0.197239 0.201809 0.196674 0.201621 0.199972 0.201573 0.195826 0.202468 0.200773 0.198888 0.200396 0.19903 0.199501 0.197287 0.1987 0.199218 0.193989 0.199972 0.196816 0.196156 0.198276 0.193989 0.20016 0.193612 0 0.196627 0.201385 0.1987 0.196439 0.199925 0.198229 0.196297 0.193706 0.202798 0.198087 0.197805 
0.198888 0.199972 0.198417 0.200207 0.196297 0.191304 0.198417 0.202044 0.199218 0.199359 0.19592 0.197993 0.197993 0.199171 0.19592 0.197852 0.198276 0.197098 0.198182 0.199406 0.197805 0.199077 0.199265 0.206143 0.196816 0.20016 0.200443 0.19691 0.201338 0.197145 0.197475 0.196297 0.195497 0.197852 0.197145 0.195779 0.201573 0.191916 0.196627 0 0.198464 0.180328 0.197569 0.200019 0.197287 0.196674 0.193424 0.201668 0.202139 0.191963 
0.196768 0.1987 0.199783 0.197993 0.196721 0.19804 0.20374 0.199077 0.197946 0.199124 0.198794 0.198135 0.198417 0.198841 0.195685 0.201291 0.201997 0.202233 0.201055 0.197192 0.197381 0.204588 0.199406 0.204965 0.203646 0.20228 0.203316 0.198559 0.201291 0.200019 0.198747 0.196721 0.201197 0.201762 0.197758 0.196768 0.198135 0.192152 0.201385 0.198464 0 0.200349 0.202044 0.199501 0.20082 0.198888 0.20082 0.206708 0.196627 0.199454 
0.200678 0.197051 0.200773 0.198982 0.195355 0.199312 0.203882 0.197616 0.19413 0.19804 0.200914 0.195826 0.199406 0.198229 0.193282 0.197852 0.198087 0.198511 0.195073 0.196957 0.196203 0.201809 0.198229 0.202374 0.197192 0.194978 0.196486 0.195685 0.197758 0.198935 0.197946 0.195638 0.1987 0.193235 0.197993 0.196062 0.196863 0.193047 0.1987 0.180328 0.200349 0 0.199642 0.203034 0.198888 0.200066 0.192387 0.20261 0.199406 0.197711 
0.197098 0.198087 0.204164 0.195591 0.196863 0.197522 0.199925 0.200914 0.200349 0.195873 0.19658 0.199783 0.200914 0.198794 0.190456 0.201055 0.200914 0.201244 0.201008 0.199878 0.197805 0.199359 0.198229 0.201055 0.198135 0.197334 0.200254 0.201526 0.199548 0.196863 0.197098 0.201573 0.192576 0.197381 0.200349 0.191163 0.196768 0.193801 0.196439 0.197569 0.202044 0.199642 0 0.1987 0.203316 0.197051 0.191822 0.203929 0.197334 0.197805 
0.19625 0.20195 0.197663 0.200678 0.197899 0.19658 0.20049 0.202421 0.19658 0.194366 0.194225 0.199878 0.198747 0.200773 0.201385 0.19804 0.198559 0.198606 0.20016 0.197428 0.19903 0.198323 0.196627 0.203222 0.195402 0.200537 0.202892 0.196439 0.200961 0.203458 0.195779 0.198276 0.197098 0.196627 0.195826 0.196721 0.195167 0.19691 0.199925 0.200019 0.199501 0.203034 0.1987 0 0.197946 0.201668 0.196533 0.197616 0.196957 0.197428 
0.201715 0.203835 0.200773 0.198229 0.198464 0.198464 0.199265 0.195261 0.197899 0.198229 0.197051 0.199124 0.196392 0.201149 0.199783 0.194649 0.197051 0.198417 0.197239 0.198182 0.199878 0.199265 0.198794 0.203316 0.199925 0.201291 0.198559 0.202092 0.200584 0.201668 0.198229 0.198935 0.197004 0.200867 0.197428 0.198417 0.197899 0.196439 0.198229 0.197287 0.20082 0.198888 0.203316 0.197946 0 0.199501 0.1987 0.20261 0.200066 0.197993 
0.200066 0.199548 0.20016 0.199501 0.197663 0.202845 0.204965 0.200961 0.197004 0.198182 0.19804 0.199359 0.199265 0.202421 0.198794 0.200537 0.202092 0.19837 0.200396 0.19983 0.198794 0.202892 0.201856 0.206567 0.200349 0.202563 0.200961 0.20195 0.201573 0.198135 0.198559 0.198606 0.20195 0.196109 0.197852 0.194884 0.199265 0.195544 0.196297 0.196674 0.198888 0.200066 0.197051 0.201668 0.199501 0 0.196768 0.20831 0.197569 0.197852 
0.199077 0.194507 0.197004 0.197852 0.189796 0.188949 0.194083 0.196203 0.194696 0.193895 0.191869 0.196392 0.199595 0.196062 0.193848 0.199454 0.197805 0.199925 0.196109 0.198276 0.194884 0.200961 0.193895 0.195873 0.197569 0.199124 0.195261 0.191257 0.197192 0.195261 0.197004 0.19837 0.197758 0.188807 0.19658 0.190126 0.206378 0.188901 0.193706 0.193424 0.20082 0.192387 0.191822 0.196533 0.1987 0.196768 0 0.199972 0.199312 0.191398 
0.204211 0.19983 0.198182 0.201291 0.199454 0.199359 0.201102 0.201621 0.199454 0.199595 0.201903 0.198229 0.202845 0.200254 0.199265 0.203175 0.198135 0.198087 0.199642 0.205578 0.200961 0.200631 0.198841 0.202139 0.206944 0.202468 0.203787 0.199972 0.206755 0.201526 0.20195 0.199171 0.19903 0.205154 0.197287 0.196015 0.197569 0.197145 0.202798 0.201668 0.206708 0.20261 0.203929 0.197616 0.20261 0.20831 0.199972 0 0.201338 0.197475 
0.195544 0.200584 0.196863 0.199312 0.195779 0.198888 0.200254 0.199642 0.196439 0.197145 0.194554 0.195591 0.193895 0.196957 0.198417 0.197711 0.196156 0.195826 0.197192 0.197758 0.197758 0.199312 0.197899 0.200443 0.197616 0.199454 0.199548 0.198841 0.20082 0.198888 0.196863 0.201621 0.193942 0.201668 0.196439 0.191304 0.198417 0.194507 0.198087 0.202139 0.196627 0.199406 0.197334 0.196957 0.200066 0.197569 0.199312 0.201338 0 0.199548 
0.197805 0.196439 0.201479 0.194696 0.196439 0.196344 0.201102 0.200019 0.19446 0.19234 0.198888 0.198417 0.195591 0.197334 0.19512 0.197051 0.19691 0.197616 0.199454 0.197381 0.19625 0.196863 0.19658 0.198841 0.199218 0.197946 0.196816 0.194978 0.198841 0.19691 0.194319 0.197192 0.195073 0.196297 0.192576 0.18942 0.196156 0.187724 0.197805 0.191963 0.199454 0.197711 0.197805 0.197428 0.197993 0.197852 0.191398 0.197475 0.199548 0 
