1 0.800594 0.803844 0.804975 0.804362 0.805022 0.800829 0.800217 0.800405 0.804221 0.801159 0.800876 0.803043 0.798756 0.805116 0.798851 0.801724 0.802619 0.79984 0.797202 0.801253 0.799039 0.799699 0.798851 0.800075 0.801065 0.798521 0.800264 0.798474 0.801724 0.804127 0.804174 0.804127 0.80196 0.802949 0.80912 0.800782 0.807707 0.802337 0.801112 0.803232 0.799322 0.802902 0.80375 0.798285 0.799934 0.800923 0.795789 0.804456 0.802195 
0.800594 1 0.799463 0.805587 0.8013 0.803279 0.801159 0.794988 0.799793 0.802478 0.799322 0.800075 0.800735 0.797579 0.80554 0.798238 0.802242 0.800688 0.803561 0.80196 0.802337 0.803137 0.801724 0.798332 0.799557 0.801394 0.800264 0.801818 0.798709 0.798851 0.803797 0.800075 0.799934 0.80521 0.799322 0.812182 0.801583 0.807377 0.801065 0.800028 0.8013 0.802949 0.801913 0.79805 0.796165 0.800452 0.805493 0.80017 0.799416 0.803561 
0.803844 0.799463 1 0.799604 0.796825 0.802384 0.803561 0.799463 0.801347 0.802808 0.798898 0.802195 0.802666 0.804315 0.802289 0.801865 0.803797 0.799133 0.806341 0.803232 0.806623 0.800075 0.800452 0.801394 0.800735 0.798803 0.799557 0.800452 0.800452 0.802572 0.802902 0.800028 0.804409 0.800075 0.799369 0.809591 0.802572 0.807707 0.799699 0.801583 0.800217 0.799227 0.795836 0.802337 0.799227 0.79984 0.802996 0.801818 0.803137 0.798521 
0.804975 0.805587 0.799604 1 0.803043 0.803514 0.803467 0.801724 0.800122 0.800923 0.801913 0.80163 0.800217 0.801771 0.803797 0.797437 0.801253 0.804409 0.80163 0.802289 0.797673 0.802713 0.802619 0.800075 0.800641 0.803043 0.806529 0.808837 0.802808 0.806623 0.802148 0.804456 0.801489 0.806011 0.805116 0.807707 0.809073 0.808461 0.802148 0.799793 0.802007 0.801018 0.804409 0.799322 0.801771 0.800499 0.802148 0.798709 0.800688 0.805304 
0.804362 0.8013 0.796825 0.803043 1 0.806765 0.801724 0.802902 0.802996 0.804927 0.800264 0.802148 0.799133 0.802384 0.803184 0.802384 0.801394 0.803043 0.804503 0.803373 0.800829 0.800217 0.799369 0.803514 0.798709 0.801865 0.804786 0.804739 0.800122 0.804503 0.804174 0.801206 0.803891 0.806058 0.801865 0.808225 0.800546 0.807848 0.803043 0.803703 0.803279 0.804645 0.803137 0.802101 0.801536 0.802337 0.810204 0.800546 0.804221 0.803561 
0.805022 0.803279 0.802384 0.803514 0.806765 1 0.805964 0.799604 0.800641 0.806812 0.802242 0.804032 0.799227 0.804551 0.807236 0.797767 0.799227 0.801253 0.80554 0.800075 0.802619 0.805116 0.808979 0.79984 0.802572 0.804032 0.803561 0.804645 0.802572 0.806482 0.803703 0.804032 0.805493 0.808131 0.80196 0.811994 0.804032 0.805304 0.803797 0.808696 0.80196 0.800688 0.802478 0.80342 0.801536 0.797155 0.811051 0.800641 0.801112 0.803656 
0.800829 0.801159 0.803561 0.803467 0.801724 0.805964 1 0.801724 0.801536 0.800923 0.803608 0.802289 0.802855 0.799793 0.802195 0.797249 0.801536 0.802148 0.803985 0.803608 0.798238 0.799133 0.799227 0.800358 0.797343 0.805399 0.801159 0.803656 0.798662 0.802478 0.800358 0.802007 0.805822 0.802337 0.800876 0.806953 0.801253 0.808555 0.800264 0.801583 0.79626 0.796118 0.800075 0.79951 0.800735 0.795035 0.805917 0.798898 0.799746 0.798898 
0.800217 0.794988 0.799463 0.801724 0.802902 0.799604 0.801724 1 0.797626 0.805304 0.806388 0.800264 0.8013 0.800782 0.805728 0.798803 0.801677 0.803326 0.799322 0.80017 0.807801 0.798803 0.800405 0.798803 0.799086 0.80488 0.803561 0.804927 0.798803 0.798474 0.800876 0.800829 0.804645 0.800594 0.801677 0.805493 0.800735 0.806529 0.802855 0.797956 0.800923 0.802384 0.799086 0.797579 0.804739 0.799039 0.803797 0.798379 0.800358 0.799981 
0.800405 0.799793 0.801347 0.800122 0.802996 0.800641 0.801536 0.797626 1 0.804456 0.806011 0.801583 0.802525 0.805022 0.803656 0.802855 0.80309 0.805587 0.804315 0.805351 0.799887 0.804362 0.804739 0.797202 0.801159 0.798474 0.800452 0.798803 0.799746 0.799793 0.803985 0.801583 0.802572 0.802384 0.800829 0.804739 0.805257 0.806623 0.800217 0.800782 0.802054 0.80587 0.799651 0.80342 0.802101 0.802996 0.805304 0.800546 0.803561 0.80554 
0.804221 0.802478 0.802808 0.800923 0.804927 0.806812 0.800923 0.805304 0.804456 1 0.80342 0.802478 0.801818 0.798474 0.803514 0.801865 0.80163 0.800452 0.802101 0.804268 0.800688 0.79951 0.805634 0.799322 0.801112 0.803608 0.802007 0.803467 0.801018 0.802761 0.804503 0.803326 0.803279 0.801865 0.804927 0.80912 0.806529 0.805351 0.801206 0.800641 0.800876 0.80196 0.804127 0.805634 0.801771 0.801818 0.806105 0.800405 0.802855 0.80766 
0.801159 0.799322 0.798898 0.801913 0.800264 0.802242 0.803608 0.806388 0.806011 0.80342 1 0.801771 0.801583 0.798709 0.805446 0.802289 0.802713 0.80521 0.801865 0.8013 0.80375 0.802761 0.80342 0.800122 0.806152 0.801206 0.805069 0.804645 0.798992 0.800735 0.804833 0.802808 0.802478 0.802007 0.807142 0.808131 0.802619 0.806152 0.802572 0.80408 0.801206 0.799086 0.80342 0.805775 0.802949 0.80196 0.808131 0.798097 0.805446 0.801112 
0.800876 0.800075 0.802195 0.80163 0.802148 0.804032 0.802289 0.800264 0.801583 0.802478 0.801771 1 0.8013 0.801536 0.802996 0.804645 0.800829 0.802666 0.80309 0.803656 0.801206 0.801441 0.803232 0.79739 0.799651 0.804315 0.802808 0.804456 0.802384 0.80309 0.804456 0.80375 0.80587 0.804927 0.801865 0.807942 0.801489 0.808696 0.802195 0.802007 0.801865 0.804174 0.800217 0.800122 0.800876 0.800641 0.803608 0.801771 0.804409 0.801583 
0.803043 0.800735 0.802666 0.800217 0.799133 0.799227 0.802855 0.8013 0.802525 0.801818 0.801583 0.8013 1 0.79739 0.800358 0.802101 0.804315 0.802666 0.797532 0.806105 0.802619 0.800876 0.800876 0.798427 0.796919 0.79772 0.80196 0.800028 0.798992 0.79772 0.800499 0.800264 0.797767 0.802101 0.804692 0.802195 0.799416 0.804927 0.800311 0.802007 0.801583 0.800594 0.799086 0.801253 0.803608 0.800735 0.800405 0.797155 0.806105 0.804409 
0.798756 0.797579 0.804315 0.801771 0.802384 0.804551 0.799793 0.800782 0.805022 0.798474 0.798709 0.801536 0.79739 1 0.803326 0.801112 0.801253 0.801206 0.804268 0.800028 0.803985 0.798945 0.799227 0.798379 0.799133 0.800688 0.799369 0.802996 0.799887 0.802761 0.806388 0.800311 0.802525 0.801865 0.802666 0.802902 0.801065 0.801865 0.801112 0.800829 0.801159 0.801771 0.801206 0.799227 0.798851 0.797579 0.803938 0.799746 0.803043 0.802666 
0.805116 0.80554 0.802289 0.803797 0.803184 0.807236 0.802195 0.805728 0.803656 0.803514 0.805446 0.802996 0.800358 0.803326 1 0.798144 0.801394 0.799086 0.802337 0.802148 0.802713 0.798521 0.80408 0.801913 0.802007 0.804221 0.800546 0.80342 0.800311 0.804409 0.805775 0.800452 0.80521 0.80945 0.803656 0.807094 0.799133 0.808037 0.802761 0.80408 0.804315 0.806718 0.809544 0.798615 0.800217 0.801206 0.806152 0.800735 0.801583 0.80488 
0.798851 0.798238 0.801865 0.797437 0.802384 0.797767 0.797249 0.798803 0.802855 0.801865 0.802289 0.804645 0.802101 0.801112 0.798144 1 0.802195 0.799133 0.800499 0.801441 0.801913 0.799416 0.80017 0.799227 0.800829 0.797484 0.800688 0.800923 0.799133 0.800499 0.80196 0.802384 0.801489 0.800452 0.798144 0.802054 0.801913 0.804032 0.798191 0.802148 0.798709 0.802148 0.798945 0.80196 0.805351 0.799463 0.800546 0.796825 0.802289 0.802949 
0.801724 0.802242 0.803797 0.801253 0.801394 0.799227 0.801536 0.801677 0.80309 0.80163 0.802713 0.800829 0.804315 0.801253 0.801394 0.802195 1 0.801347 0.802713 0.804598 0.800829 0.798615 0.801065 0.802572 0.80163 0.802902 0.8013 0.800217 0.801536 0.804692 0.802007 0.799887 0.80097 0.805399 0.800923 0.802195 0.799604 0.803608 0.803326 0.801724 0.798003 0.801913 0.799086 0.801441 0.802949 0.797908 0.802195 0.801865 0.803844 0.80309 
0.802619 0.800688 0.799133 0.804409 0.803043 0.801253 0.802148 0.803326 0.805587 0.800452 0.80521 0.802666 0.802666 0.801206 0.799086 0.799133 0.801347 1 0.80408 0.800876 0.802949 0.802054 0.801771 0.794611 0.801489 0.801065 0.802855 0.800923 0.802525 0.802007 0.801394 0.801536 0.806765 0.801394 0.801724 0.80978 0.802761 0.809308 0.798379 0.802902 0.797767 0.801489 0.798756 0.801394 0.801583 0.80163 0.800075 0.801913 0.804174 0.802384 
0.79984 0.803561 0.806341 0.80163 0.804503 0.80554 0.803985 0.799322 0.804315 0.802101 0.801865 0.80309 0.797532 0.804268 0.802337 0.800499 0.802713 0.80408 1 0.80554 0.803561 0.800594 0.798615 0.800876 0.802572 0.800546 0.797343 0.800028 0.802289 0.802525 0.805587 0.802242 0.805964 0.80163 0.801677 0.807 0.805257 0.807471 0.800028 0.801818 0.798945 0.804927 0.798992 0.79984 0.802761 0.799604 0.803891 0.800358 0.802808 0.800546 
0.797202 0.80196 0.803232 0.802289 0.803373 0.800075 0.803608 0.80017 0.805351 0.804268 0.8013 0.803656 0.806105 0.800028 0.802148 0.801441 0.804598 0.800876 0.80554 1 0.801018 0.797013 0.80163 0.799463 0.802289 0.797437 0.798945 0.802195 0.799463 0.79951 0.802572 0.80196 0.80097 0.80408 0.797908 0.802666 0.800641 0.807283 0.798427 0.800594 0.802808 0.803043 0.800122 0.802572 0.801818 0.80017 0.801724 0.794422 0.802242 0.802619 
0.801253 0.802337 0.806623 0.797673 0.800829 0.802619 0.798238 0.807801 0.799887 0.800688 0.80375 0.801206 0.802619 0.803985 0.802713 0.801913 0.800829 0.802949 0.803561 0.801018 1 0.79918 0.802007 0.799651 0.802855 0.804315 0.802148 0.804551 0.80163 0.80554 0.803137 0.803279 0.806812 0.801724 0.801394 0.806246 0.805446 0.807283 0.804174 0.802195 0.802619 0.803797 0.802195 0.80097 0.800122 0.801206 0.805116 0.799039 0.802242 0.80375 
0.799039 0.803137 0.800075 0.802713 0.800217 0.805116 0.799133 0.798803 0.804362 0.79951 0.802761 0.801441 0.800876 0.798945 0.798521 0.799416 0.798615 0.802054 0.800594 0.797013 0.79918 1 0.801394 0.798003 0.79951 0.801159 0.801159 0.79772 0.79527 0.799463 0.803184 0.800405 0.805446 0.80375 0.800217 0.809026 0.803232 0.805257 0.797532 0.800923 0.795412 0.798191 0.800641 0.801677 0.800735 0.797108 0.799039 0.799369 0.800688 0.803137 
0.799699 0.801724 0.800452 0.802619 0.799369 0.808979 0.799227 0.800405 0.804739 0.805634 0.80342 0.803232 0.800876 0.799227 0.80408 0.80017 0.801065 0.801771 0.798615 0.80163 0.802007 0.801394 1 0.799133 0.796024 0.798521 0.796825 0.803467 0.797908 0.798898 0.800829 0.801818 0.80667 0.802337 0.800028 0.806011 0.803043 0.804221 0.799227 0.800735 0.800594 0.801771 0.801771 0.803373 0.801206 0.798144 0.806105 0.801159 0.802101 0.80342 
0.798851 0.798332 0.801394 0.800075 0.803514 0.79984 0.800358 0.798803 0.797202 0.799322 0.800122 0.79739 0.798427 0.798379 0.801913 0.799227 0.802572 0.794611 0.800876 0.799463 0.799651 0.798003 0.799133 1 0.796495 0.799934 0.796731 0.795459 0.795082 0.795977 0.797814 0.79805 0.795553 0.800829 0.798332 0.805069 0.800688 0.801771 0.801112 0.793857 0.795035 0.797626 0.798945 0.796778 0.796684 0.793433 0.804127 0.797861 0.799557 0.801159 
0.800075 0.799557 0.800735 0.800641 0.798709 0.802572 0.797343 0.799086 0.801159 0.801112 0.806152 0.799651 0.796919 0.799133 0.802007 0.800829 0.80163 0.801489 0.802572 0.802289 0.802855 0.79951 0.796024 0.796495 1 0.802101 0.798803 0.803844 0.798191 0.798803 0.802619 0.80097 0.800452 0.801489 0.796071 0.803938 0.80587 0.805351 0.799604 0.803184 0.796354 0.802808 0.801865 0.804598 0.800075 0.799651 0.802431 0.793056 0.802384 0.800782 
0.801065 0.801394 0.798803 0.803043 0.801865 0.804032 0.805399 0.80488 0.798474 0.803608 0.801206 0.804315 0.79772 0.800688 0.804221 0.797484 0.802902 0.801065 0.800546 0.797437 0.804315 0.801159 0.798521 0.799934 0.802101 1 0.801489 0.803891 0.798238 0.802996 0.802949 0.799981 0.799275 0.802384 0.801206 0.805493 0.802054 0.807942 0.80097 0.79984 0.79772 0.805022 0.802666 0.799463 0.798709 0.797437 0.800876 0.797532 0.800546 0.802054 
0.798521 0.800264 0.799557 0.806529 0.804786 0.803561 0.801159 0.803561 0.800452 0.802007 0.805069 0.802808 0.80196 0.799369 0.800546 0.800688 0.8013 0.802855 0.797343 0.798945 0.802148 0.801159 0.796825 0.796731 0.798803 0.801489 1 0.804268 0.799934 0.799039 0.803043 0.803467 0.79805 0.801724 0.803373 0.806435 0.800452 0.804833 0.800499 0.799557 0.796684 0.803514 0.799746 0.797108 0.801441 0.799039 0.804739 0.796213 0.800452 0.803184 
0.800264 0.801818 0.800452 0.808837 0.804739 0.804645 0.803656 0.804927 0.798803 0.803467 0.804645 0.804456 0.800028 0.802996 0.80342 0.800923 0.800217 0.800923 0.800028 0.802195 0.804551 0.79772 0.803467 0.795459 0.803844 0.803891 0.804268 1 0.801677 0.80097 0.804692 0.802666 0.805728 0.802713 0.799557 0.810627 0.803137 0.810156 0.802713 0.80309 0.801441 0.804315 0.798474 0.803561 0.797908 0.79805 0.808743 0.800028 0.801159 0.805022 
0.798474 0.798709 0.800452 0.802808 0.800122 0.802572 0.798662 0.798803 0.799746 0.801018 0.798992 0.802384 0.798992 0.799887 0.800311 0.799133 0.801536 0.802525 0.802289 0.799463 0.80163 0.79527 0.797908 0.795082 0.798191 0.798238 0.799934 0.801677 1 0.80163 0.804221 0.802666 0.798097 0.8013 0.801159 0.799604 0.797296 0.801771 0.8013 0.798662 0.798709 0.802242 0.800452 0.799039 0.799416 0.798427 0.802808 0.793245 0.79918 0.801159 
0.801724 0.798851 0.802572 0.806623 0.804503 0.806482 0.802478 0.798474 0.799793 0.802761 0.800735 0.80309 0.79772 0.802761 0.804409 0.800499 0.804692 0.802007 0.802525 0.79951 0.80554 0.799463 0.798898 0.795977 0.798803 0.802996 0.799039 0.80097 0.80163 1 0.804739 0.803656 0.802007 0.802195 0.799039 0.805022 0.80309 0.805775 0.800782 0.802855 0.799981 0.801065 0.803137 0.796542 0.798332 0.801865 0.804739 0.798474 0.801112 0.80309 
0.804127 0.803797 0.802902 0.802148 0.804174 0.803703 0.800358 0.800876 0.803985 0.804503 0.804833 0.804456 0.800499 0.806388 0.805775 0.80196 0.802007 0.801394 0.805587 0.802572 0.803137 0.803184 0.800829 0.797814 0.802619 0.802949 0.803043 0.804692 0.804221 0.804739 1 0.802007 0.802808 0.805917 0.805399 0.810533 0.800876 0.807895 0.806011 0.802525 0.801253 0.802054 0.802902 0.804221 0.801771 0.801441 0.802996 0.79805 0.803137 0.805681 
0.804174 0.800075 0.800028 0.804456 0.801206 0.804032 0.802007 0.800829 0.801583 0.803326 0.802808 0.80375 0.800264 0.800311 0.800452 0.802384 0.799887 0.801536 0.802242 0.80196 0.803279 0.800405 0.801818 0.79805 0.80097 0.799981 0.803467 0.802666 0.802666 0.803656 0.802007 1 0.80097 0.801159 0.802619 0.809544 0.803184 0.803985 0.800028 0.803703 0.803279 0.804362 0.798427 0.801724 0.801065 0.801394 0.80163 0.800829 0.798379 0.802808 
0.804127 0.799934 0.804409 0.801489 0.803891 0.805493 0.805822 0.804645 0.802572 0.803279 0.802478 0.80587 0.797767 0.802525 0.80521 0.801489 0.80097 0.806765 0.805964 0.80097 0.806812 0.805446 0.80667 0.795553 0.800452 0.799275 0.79805 0.805728 0.798097 0.802007 0.802808 0.80097 1 0.802808 0.80587 0.812323 0.800876 0.811287 0.803184 0.804503 0.798803 0.8013 0.807424 0.802902 0.802996 0.79805 0.802242 0.80097 0.806058 0.804927 
0.80196 0.80521 0.800075 0.806011 0.806058 0.808131 0.802337 0.800594 0.802384 0.801865 0.802007 0.804927 0.802101 0.801865 0.80945 0.800452 0.805399 0.801394 0.80163 0.80408 0.801724 0.80375 0.802337 0.800829 0.801489 0.802384 0.801724 0.802713 0.8013 0.802195 0.805917 0.801159 0.802808 1 0.802761 0.804975 0.802572 0.810251 0.803844 0.802148 0.798238 0.806765 0.802619 0.803373 0.799133 0.803891 0.811193 0.794846 0.798332 0.803703 
0.802949 0.799322 0.799369 0.805116 0.801865 0.80196 0.800876 0.801677 0.800829 0.804927 0.807142 0.801865 0.804692 0.802666 0.803656 0.798144 0.800923 0.801724 0.801677 0.797908 0.801394 0.800217 0.800028 0.798332 0.796071 0.801206 0.803373 0.799557 0.801159 0.799039 0.805399 0.802619 0.80587 0.802761 1 0.805587 0.799604 0.806246 0.801724 0.802855 0.802242 0.802007 0.799651 0.804174 0.802572 0.802148 0.80342 0.802713 0.803561 0.807424 
0.80912 0.812182 0.809591 0.807707 0.808225 0.811994 0.806953 0.805493 0.804739 0.80912 0.808131 0.807942 0.802195 0.802902 0.807094 0.802054 0.802195 0.80978 0.807 0.802666 0.806246 0.809026 0.806011 0.805069 0.803938 0.805493 0.806435 0.810627 0.799604 0.805022 0.810533 0.809544 0.812323 0.804975 0.805587 1 0.805493 0.875259 0.806011 0.804221 0.803232 0.803938 0.808837 0.803279 0.801583 0.805116 0.809874 0.803985 0.808696 0.81058 
0.800782 0.801583 0.802572 0.809073 0.800546 0.804032 0.801253 0.800735 0.805257 0.806529 0.802619 0.801489 0.799416 0.801065 0.799133 0.801913 0.799604 0.802761 0.805257 0.800641 0.805446 0.803232 0.803043 0.800688 0.80587 0.802054 0.800452 0.803137 0.797296 0.80309 0.800876 0.803184 0.800876 0.802572 0.799604 0.805493 1 0.807754 0.79984 0.798427 0.801865 0.803137 0.803232 0.804833 0.802101 0.800735 0.793622 0.802431 0.801583 0.803844 
0.807707 0.807377 0.807707 0.808461 0.807848 0.805304 0.808555 0.806529 0.806623 0.805351 0.806152 0.808696 0.804927 0.801865 0.808037 0.804032 0.803608 0.809308 0.807471 0.807283 0.807283 0.805257 0.804221 0.801771 0.805351 0.807942 0.804833 0.810156 0.801771 0.805775 0.807895 0.803985 0.811287 0.810251 0.806246 0.875259 0.807754 1 0.806388 0.808084 0.807848 0.806953 0.806199 0.80309 0.803561 0.804456 0.811099 0.802855 0.805493 0.812276 
0.802337 0.801065 0.799699 0.802148 0.803043 0.803797 0.800264 0.802855 0.800217 0.801206 0.802572 0.802195 0.800311 0.801112 0.802761 0.798191 0.803326 0.798379 0.800028 0.798427 0.804174 0.797532 0.799227 0.801112 0.799604 0.80097 0.800499 0.802713 0.8013 0.800782 0.806011 0.800028 0.803184 0.803844 0.801724 0.806011 0.79984 0.806388 1 0.803373 0.798615 0.8013 0.803561 0.800075 0.801771 0.803703 0.806294 0.797202 0.801913 0.802195 
0.801112 0.800028 0.801583 0.799793 0.803703 0.808696 0.801583 0.797956 0.800782 0.800641 0.80408 0.802007 0.802007 0.800829 0.80408 0.802148 0.801724 0.802902 0.801818 0.800594 0.802195 0.800923 0.800735 0.793857 0.803184 0.79984 0.799557 0.80309 0.798662 0.802855 0.802525 0.803703 0.804503 0.802148 0.802855 0.804221 0.798427 0.808084 0.803373 1 0.801536 0.819672 0.802431 0.799981 0.802713 0.803326 0.806576 0.798332 0.797861 0.808037 
0.803232 0.8013 0.800217 0.802007 0.803279 0.80196 0.79626 0.800923 0.802054 0.800876 0.801206 0.801865 0.801583 0.801159 0.804315 0.798709 0.798003 0.797767 0.798945 0.802808 0.802619 0.795412 0.800594 0.795035 0.796354 0.79772 0.796684 0.801441 0.798709 0.799981 0.801253 0.803279 0.798803 0.798238 0.802242 0.803232 0.801865 0.807848 0.798615 0.801536 1 0.799651 0.797956 0.800499 0.79918 0.801112 0.79918 0.793292 0.803373 0.800546 
0.799322 0.802949 0.799227 0.801018 0.804645 0.800688 0.796118 0.802384 0.80587 0.80196 0.799086 0.804174 0.800594 0.801771 0.806718 0.802148 0.801913 0.801489 0.804927 0.803043 0.803797 0.798191 0.801771 0.797626 0.802808 0.805022 0.803514 0.804315 0.802242 0.801065 0.802054 0.804362 0.8013 0.806765 0.802007 0.803938 0.803137 0.806953 0.8013 0.819672 0.799651 1 0.800358 0.796966 0.801112 0.799934 0.807613 0.79739 0.800594 0.802289 
0.802902 0.801913 0.795836 0.804409 0.803137 0.802478 0.800075 0.799086 0.799651 0.804127 0.80342 0.800217 0.799086 0.801206 0.809544 0.798945 0.799086 0.798756 0.798992 0.800122 0.802195 0.800641 0.801771 0.798945 0.801865 0.802666 0.799746 0.798474 0.800452 0.803137 0.802902 0.798427 0.807424 0.802619 0.799651 0.808837 0.803232 0.806199 0.803561 0.802431 0.797956 0.800358 1 0.8013 0.796684 0.802949 0.808178 0.796071 0.802666 0.802195 
0.80375 0.79805 0.802337 0.799322 0.802101 0.80342 0.79951 0.797579 0.80342 0.805634 0.805775 0.800122 0.801253 0.799227 0.798615 0.80196 0.801441 0.801394 0.79984 0.802572 0.80097 0.801677 0.803373 0.796778 0.804598 0.799463 0.797108 0.803561 0.799039 0.796542 0.804221 0.801724 0.802902 0.803373 0.804174 0.803279 0.804833 0.80309 0.800075 0.799981 0.800499 0.796966 0.8013 1 0.802054 0.798332 0.803467 0.802384 0.803043 0.802572 
0.798285 0.796165 0.799227 0.801771 0.801536 0.801536 0.800735 0.804739 0.802101 0.801771 0.802949 0.800876 0.803608 0.798851 0.800217 0.805351 0.802949 0.801583 0.802761 0.801818 0.800122 0.800735 0.801206 0.796684 0.800075 0.798709 0.801441 0.797908 0.799416 0.798332 0.801771 0.801065 0.802996 0.799133 0.802572 0.801583 0.802101 0.803561 0.801771 0.802713 0.79918 0.801112 0.796684 0.802054 1 0.800499 0.8013 0.79739 0.799934 0.802007 
0.799934 0.800452 0.79984 0.800499 0.802337 0.797155 0.795035 0.799039 0.802996 0.801818 0.80196 0.800641 0.800735 0.797579 0.801206 0.799463 0.797908 0.80163 0.799604 0.80017 0.801206 0.797108 0.798144 0.793433 0.799651 0.797437 0.799039 0.79805 0.798427 0.801865 0.801441 0.801394 0.79805 0.803891 0.802148 0.805116 0.800735 0.804456 0.803703 0.803326 0.801112 0.799934 0.802949 0.798332 0.800499 1 0.803232 0.79169 0.802431 0.802148 
0.800923 0.805493 0.802996 0.802148 0.810204 0.811051 0.805917 0.803797 0.805304 0.806105 0.808131 0.803608 0.800405 0.803938 0.806152 0.800546 0.802195 0.800075 0.803891 0.801724 0.805116 0.799039 0.806105 0.804127 0.802431 0.800876 0.804739 0.808743 0.802808 0.804739 0.802996 0.80163 0.802242 0.811193 0.80342 0.809874 0.793622 0.811099 0.806294 0.806576 0.79918 0.807613 0.808178 0.803467 0.8013 0.803232 1 0.800028 0.800688 0.808602 
0.795789 0.80017 0.801818 0.798709 0.800546 0.800641 0.798898 0.798379 0.800546 0.800405 0.798097 0.801771 0.797155 0.799746 0.800735 0.796825 0.801865 0.801913 0.800358 0.794422 0.799039 0.799369 0.801159 0.797861 0.793056 0.797532 0.796213 0.800028 0.793245 0.798474 0.79805 0.800829 0.80097 0.794846 0.802713 0.803985 0.802431 0.802855 0.797202 0.798332 0.793292 0.79739 0.796071 0.802384 0.79739 0.79169 0.800028 1 0.798662 0.802525 
0.804456 0.799416 0.803137 0.800688 0.804221 0.801112 0.799746 0.800358 0.803561 0.802855 0.805446 0.804409 0.806105 0.803043 0.801583 0.802289 0.803844 0.804174 0.802808 0.802242 0.802242 0.800688 0.802101 0.799557 0.802384 0.800546 0.800452 0.801159 0.79918 0.801112 0.803137 0.798379 0.806058 0.798332 0.803561 0.808696 0.801583 0.805493 0.801913 0.797861 0.803373 0.800594 0.802666 0.803043 0.799934 0.802431 0.800688 0.798662 1 0.800452 
0.802195 0.803561 0.798521 0.805304 0.803561 0.803656 0.798898 0.799981 0.80554 0.80766 0.801112 0.801583 0.804409 0.802666 0.80488 0.802949 0.80309 0.802384 0.800546 0.802619 0.80375 0.803137 0.80342 0.801159 0.800782 0.802054 0.803184 0.805022 0.801159 0.80309 0.805681 0.802808 0.804927 0.803703 0.807424 0.81058 0.803844 0.812276 0.802195 0.808037 0.800546 0.802289 0.802195 0.802572 0.802007 0.802148 0.808602 0.802525 0.800452 1 
